              precision    recall  f1-score   support

           0       0.98      1.00      0.99    189668
           1       0.75      0.02      0.04       144
           2       0.99      0.96      0.97     12801
           3       0.95      0.84      0.89      1029
           4       0.97      0.92      0.95     17285
           5       0.83      0.79      0.81       523
           6       0.95      0.54      0.69       538
           7       0.96      0.70      0.81       593
           8       1.00      1.00      1.00         1
           9       0.00      0.00      0.00         3
          10       1.00      0.11      0.20       196
          11       0.96      0.93      0.95       322
          12       0.00      0.00      0.00       147
          13       0.00      0.00      0.00         2
          14       0.00      0.00      0.00        65

    accuracy                           0.98    223317
   macro avg       0.69      0.52      0.55    223317
weighted avg       0.98      0.98      0.98    223317
