              precision    recall  f1-score   support

           0       1.00      1.00      1.00    189668
           1       0.84      0.58      0.69       144
           2       1.00      1.00      1.00     12801
           3       1.00      0.99      0.99      1029
           4       1.00      0.99      1.00     17285
           5       0.94      0.98      0.96       523
           6       1.00      0.99      0.99       538
           7       1.00      0.99      0.99       593
           8       1.00      1.00      1.00         1
           9       0.00      0.00      0.00         3
          10       0.94      0.87      0.90       196
          11       1.00      0.94      0.97       322
          12       0.69      0.84      0.76       147
          13       0.00      0.00      0.00         2
          14       0.38      0.15      0.22        65

    accuracy                           1.00    223317
   macro avg       0.79      0.75      0.76    223317
weighted avg       1.00      1.00      1.00    223317
