              precision    recall  f1-score   support

           0       1.00      1.00      1.00    189668
           1       0.75      0.59      0.66       144
           2       1.00      1.00      1.00     12801
           3       0.99      1.00      0.99      1029
           4       1.00      1.00      1.00     17285
           5       0.95      0.98      0.96       523
           6       0.99      0.99      0.99       538
           7       1.00      0.99      0.99       593
           8       0.00      0.00      0.00         1
           9       0.00      0.00      0.00         3
          10       0.95      0.86      0.90       196
          11       1.00      0.98      0.99       322
          12       0.71      0.69      0.70       147
          13       0.00      0.00      0.00         2
          14       0.34      0.35      0.35        65

    accuracy                           1.00    223317
   macro avg       0.71      0.70      0.70    223317
weighted avg       1.00      1.00      1.00    223317
